00 01024844
01 00030406
00 00480507
00 00420406
02 0908040a
00 41424344
00 41424344
00 41424344
00 41424344
00 41424344
00 41424344
00 41424344
00 41424344
00 41424344
00 41424344
00 41424344
00 41424344
00 41424344
00 41424344
00 41424344
00 41424344
00 41424344
00 41424344
00 41424344
00 41424344
00 41424344
00 41424344
00 41424344
00 41424344
00 41424344
00 41424344
00 41424344
00 41424344
00 41424344
00 41424344
00 41424344
00 41424344
00 41424344
00 41424344
00 41424344
00 41424344
00 41424344
00 41424344
00 41424344
00 41424344
00 41424344
00 41424344
00 41424344
00 41424344
00 41424344
00 41424344
00 41424344
00 41424344
00 41424344
00 41424344
00 41424344
00 41424344
00 41424344
00 41424344
00 41424344
00 41424344
00 41424344
00 41424344
00 41424344

